424652,0
424653,688
424654,6278
424655,18662
424662,31992
424663,32422
424664,32680
424665,36722
424666,52460
424672,67510
424673,69230
424674,86688
424675,91418
424676,109134
424817,125388
424825,143534
424826,147834
424827,151532
424834,161336
424835,168904
424836,178708
424837,190576
424844,198660
424845,205970
424846,214054
424847,232286
424854,255506
424855,263676
424856,268492
424857,272190
424864,348472
424865,384850
424866,390612
424867,391730
424872,407124
424873,412026
424874,419938
424875,426818
424876,438858
424877,441438
424910,454596
424920,478934
424930,491576
424931,510496
424940,533114
424941,558742
424950,586950
424951,689118
424952,730914
424960,746394
424961,760756
424962,773742
424970,804702
424971,826116
424972,833254
434527,843660
434536,862666
434537,868686
434545,888294
434546,898098
434547,944452
434555,975240
434556,988484
434557,1040342
434565,1070356
434566,1080246
434567,1121010
434573,1153776
434574,1171922
434575,1191186
434576,1206408
434577,1244162
434602,1337214
434603,1338504
434604,1357166
434605,1370668
434606,1392168
434607,1403520
434611,1409282
434612,1411002
434613,1416506
434614,1429406
434615,1436028
434616,1465354
434617,1487198
434620,1495110
434621,1501474
434622,1505602
434623,1527790
434624,1543786
434625,1551870
434626,1569070
434627,1585926
434630,1610952
434631,1631162
434632,1637096
434633,1661434
434634,1679236
434635,1694716
434636,1750788
434637,1768160
434640,1886668
434641,1917370
434642,1966992
434643,2001392
434644,2010938
434645,2040350
434646,2169522
434647,2197300
434650,2234108
434651,2249330
434652,2273238
434653,2310562
434654,2342468
434655,2374374
434656,2396906
434657,2409290
434660,2427608
434661,2453924
434662,2487206
434663,2529862
434664,2561166
434665,2592900
434666,2625666
434667,2661356
434670,2711150
434671,2748130
434672,2825272
434673,3123090
434674,3198340
434675,3275224
434676,3330866
434677,3382036
434711,3423918
434712,3424004
434720,3428218
434721,3432862
434722,3435528
434723,3446536
434730,3459952
434731,3474142
434732,3482226
434733,3492804
434736,3505446
434737,3506822
434740,3508972
434741,3524710
434742,3525656
434743,3537610
434746,3543286
434747,3549048
434750,3560916
434751,3711416
434752,3734980
434753,3746332
434754,3748138
434755,3748568
434756,3750890
434757,3758716
434760,3767574
434761,3810918
434762,3835170
434763,3855896
434764,3862088
434765,3864840
434766,3878514
434767,3887888
434770,3897950
434771,3919966
434772,3934844
434773,3968126
434774,3992206
434775,4003128
434776,4026778
434777,4067628
434802,4081904
434803,4091278
434804,4095406
434805,4099792
434806,4108736
434807,4129290
434812,4140470
434813,4146318
434814,4151564
434815,4159820
434816,4174010
434817,4207894
434822,4231888
434823,4240316
434824,4248056
434825,4250378
434826,4266890
434827,4325972
434832,4346182
434833,4361662
434834,4364930
434835,4370864
434836,4375336
434837,4387376
434840,4398642
434841,4403200
434842,4415584
434843,4432956
434844,4435364
434845,4439234
434846,4442674
434847,4456520
434850,4461336
434851,4483008
434852,4490748
434853,4504852
434854,4511646
434855,4526352
434856,4537876
434857,4548798
434860,4555248
434861,4575888
434862,4594894
434863,4610718
434864,4615964
434865,4639528
434866,4645806
434867,4659480
434870,4665070
434871,4684592
434872,4737826
434873,4746942
434874,4759154
434875,4772398
434876,4785642
434877,4808174
434900,4809722
434901,4815656
434902,4831308
434910,4838876
434911,4843864
434912,4853238
434920,4874566
434921,4878350
434922,4882994
434930,4890820
434931,4896238
434932,4904494
434940,4907762
434941,4911804
434942,4922038
434950,4929692
434951,4935368
434952,4944656
434960,4950160
434961,4952740
434970,4961856
434971,4973294
444503,4975788
444504,5004598
444505,5202312
444506,5251246
444507,5306372
444512,5629732
444513,5658972
444514,5674452
444515,5717624
444516,5764322
444517,5866318
444522,5912414
444523,5929098
444524,5949050
444525,5973044
444526,5997124
444527,6134466
444532,6166888
444533,6178756
444534,6206878
444535,6231818
444536,6281440
444537,6325472
444543,6356604
444544,6359614
444545,6387650
444546,6563090
444547,6612540
444554,6666462
444555,6679706
444556,6708172
444557,6740938
444564,6773274
444565,6778004
444566,6788754
444567,6813522
444575,6845772
444576,6848008
444577,6873378
444600,6901930
444601,6963506
444602,7024050
444603,7213508
444604,7362546
444605,7646862
444606,7703622
444607,7742322
444610,7754276
444611,7780076
444612,7889468
444613,8088558
444614,8664758
444615,9147562
444616,9316896
444617,9375548
444620,9402982
444621,9428352
444622,9642320
444623,9840722
444624,10939114
444625,12616888
444626,12878586
444627,12959168
444630,13007414
444631,13042674
444632,13226026
444633,13565124
444634,14062634
444635,15213314
444636,15360202
444637,15510444
444640,15565140
444641,15597476
444642,15644948
444643,15739204
444644,15928576
444645,16425742
444646,16630594
444647,16723990
444650,16777224
444651,16904246
444652,16949052
444653,17004092
444654,17451550
444655,17587258
444656,17730190
444657,17782478
444660,17843538
444661,18015194
444662,18072212
444663,18101538
444664,18217810
444665,18285578
444666,18333738
444667,18400560
444670,18450354
444671,18495590
444672,18541428
444673,18790742
444674,18826346
444675,18863670
444676,18923526
444677,18967472
444700,19001356
444701,19019674
444702,19042722
444703,19066630
444704,19100170
444705,19137580
444706,19165788
444707,19194770
444710,19205950
444711,19231664
444712,19263484
444713,19282146
444714,19314138
444715,19323426
444716,19350430
444717,19394978
444720,19402804
444721,19421466
444722,19449416
444723,19468508
444724,19517614
444725,19568526
444726,19587188
444727,19595186
444730,19606280
444731,19646614
444732,19692796
444733,19735624
444734,19760392
444735,19780946
444736,19800812
444737,19822226
444740,19824462
444741,19847940
444742,19910376
444743,20074550
444744,20252914
444745,20284992
444746,20296688
444747,20315092
444750,20322574
444751,20503948
444752,20560966
444753,20628046
444754,20679560
444755,20724022
444756,20756014
444757,20780696
444760,20795918
444761,21011778
444762,21060626
444763,21090210
444764,21149034
444765,21192980
444766,21330322
444767,21358530
444770,21375730
444771,21431888
444772,21480220
444773,21502666
444774,21535174
444775,21568456
444776,21585828
444777,21621260
444800,21630892
444801,21655488
444802,21684556
444803,21702100
444804,21707948
444805,21717494
444806,21732114
444807,21751808
444810,21757742
444811,21768922
444812,21777866
444813,21794120
444814,21803838
444815,21824048
444816,21828692
444817,21889666
444820,21896460
444821,21901190
444822,21914004
444823,21917100
444824,21930258
444825,21943416
444826,21961562
444827,22066482
444830,22074910
444831,22078694
444832,22087810
444833,22095636
444834,22100796
444835,22107934
444836,22114986
444837,22127370
444840,22134422
444841,22151450
444842,22159276
444843,22170800
444844,22182152
444845,22186194
444846,22193676
444850,22195654
444851,22213886
444852,22217154
444853,22227302
444854,22227904
444855,22231086
444860,22236934
444861,22247598
444862,22249576
444863,22266776
444864,22269872
444865,22272968
444870,22280794
444871,22338242
444872,22359398
444873,22366192
444874,22373588
444900,22375136
454505,22375738
454506,22384596
454507,22414610
454514,22439378
454515,22450472
454516,22462770
454517,22536730
454524,22551006
454525,22554188
454526,22570184
454527,22727736
454534,22741324
454535,22744162
454536,22756804
454537,22770564
454545,22785098
454546,22795762
454547,22800664
454556,22813220
454600,22817606
454601,22827496
454602,22871528
454603,22971976
454604,22987370
454605,23013170
454606,23056944
454607,23081540
454610,23095300
454611,23115682
454612,23133828
454613,23158424
454614,23177086
454615,23202972
454617,23222838
454620,23231180
454621,23243392
454622,23261710
454623,23280028
454624,23290262
454625,23299722
454630,23316750
454631,23337132
454633,23356998
454634,23373940
454635,23381938
454640,23405502
454700,23423476
454701,23444718
454702,23480666
454703,23504058
454704,23524698
454705,23539748
454706,23560646
454707,23584038
454710,23604936
454711,23614052
454712,23643378
454713,23668146
454714,23694806
454715,23713382
454716,23741074
454717,23753630
454721,23776850
454722,23780204
454723,23818216
454724,23842038
454725,23864226
454726,23896648
454727,23904388
454731,23926662
454732,23943174
454733,24073292
454734,24107606
454735,24124032
454736,24171332
454737,24196530
454742,24219750
454743,24255010
454744,24280466
454745,24293366
454746,24315468
454747,24329744
454752,24336538
454753,24344536
454754,24370164
454755,24396222
454756,24407660
454757,24415658
454763,24424516
454764,24427956
454765,24443350
454766,24461066
454767,24467430
454773,24474912
454774,24479470
454775,24510258
454776,24553430
454777,24612082
454800,24629110
454801,24644848
454802,24673400
454803,24679678
454804,24697222
454810,24700146
454811,24723796
454812,24738158
454813,24745210
454814,24747790
454820,24759572
454821,24795434
454822,24812032
454823,24822094
454824,24852882
454830,24861052
454831,24963822
454832,24996932
454833,25010004
454834,25015938
454840,25018346
454841,25041738
454842,25067968
454843,25079578
454850,25081040
454851,25095402
454852,25116386
454853,25126018
454854,25131866
454855,25137284
454856,25149324
454860,25159558
454861,25165578
454862,25178822
454863,25196796
454864,25213652
454865,25220962
454866,25231540
454867,25237044
454870,25246934
454871,25253126
454872,25273766
454873,25290450
454874,25302834
454875,25310574
454876,25326054
454877,25339126
454952,25355466
454960,25360970
454961,25368280
454962,25377138
454963,25389264
454970,25393220
454971,25403368
454972,25414892
454973,25427706
454974,25450066
464703,25457118
464704,25463138
464705,25481628
464706,25501236
464707,25553524
464713,25566080
464714,25575110
464715,25594030
464716,25609940
464717,25621120
464723,25637546
464724,25642448
464725,25647866
464726,25653714
464727,25672548
464737,25677450
464747,25685018
464800,25698950
464801,25725696
464802,25735156
464803,25774114
464804,25804816
464805,25821844
464806,25824596
464807,25827262
464810,25842054
464811,25848332
464812,25860974
464813,25947920
464814,26297252
464815,26314366
464816,26333286
464817,26348852
464820,26363558
464821,26378350
464822,26390820
464823,26475616
464824,26507694
464825,26522830
464826,26545104
464827,26568582
464830,26575376
464831,26581568
464832,26598596
464833,26630330
464834,26646412
464835,26677716
464836,26797256
464837,26807490
464840,26818498
464841,26837332
464842,26858574
464843,26878526
464844,26923590
464845,26946122
464846,26956270
464847,26972524
464850,26974072
464851,26983704
464852,27012428
464853,27066608
464854,27169808
464855,27178752
464856,27198618
464857,27215646
464860,27229320
464861,27239124
464862,27255378
464863,27276276
464864,27456102
464865,27469346
464866,27473302
464867,27494114
464870,27502714
464871,27515872
464872,27528428
464873,27534104
464874,27553970
464875,27559560
464876,27567730
464877,27576416
464900,27581748
464901,27590606
464902,27605054
464903,27610128
464904,27622770
464905,27632746
464910,27635498
464911,27644012
464912,27646592
464913,27656998
464914,27662072
464915,27682282
464920,27685464
464921,27696558
464922,27710748
464923,27720896
464924,27733022
464925,27749018
464926,27764670
464927,27770432
464930,27775248
464931,27794770
464932,27805090
464933,27811024
464934,27822892
464935,27840264
464936,27846542
464937,27864946
464940,27879824
464941,27883952
464942,27891090
464943,27907602
464944,27998848
464945,28032990
464946,28036516
464947,28054490
464950,28088116
464951,28106434
464952,28124322
464953,28133954
464954,28150294
464955,28158722
464956,28182028
464957,28202066
464960,28233456
464961,28243260
464962,28249882
464963,28257536
464964,28266996
464965,28270350
464966,28278864
464967,28297526
464970,28304492
464971,28311114
464972,28314812
464973,28327970
464974,28355404
464975,28367444
464976,28385160
464977,28411390
465010,28435900
465020,28440114
465021,28443382
465030,28445016
465031,28457056
465040,28463678
465041,28467720
465050,28471246
465051,28478814
465060,28484318
465061,28493090
465070,28513042
465071,28513730
474801,28514074
474802,28518460
474803,28537036
474804,28548732
474805,28561546
474806,28575908
474807,28581584
474811,28593280
474812,28594226
474813,28595430
474814,28605406
474815,28608760
474816,28609878
474817,28611684
474821,28626218
474822,28628196
474823,28629228
474824,28638172
474825,28641784
474826,28644794
474827,28648836
474834,28649094
474835,28654168
474836,28654254
474837,28657178
474844,28657264
474845,28664316
474846,28669304
474847,28670336
474853,28672314
474854,28674378
474855,28679538
474856,28688568
474857,28693556
474862,28697512
474864,28701296
474865,28708004
474866,28711014
474867,28720990
474872,28728214
474873,28732600
474874,28737072
474875,28753240
474876,28780588
474877,28787554
474900,28788758
474901,28804582
474902,28825480
474903,28851280
474904,28870114
474905,28924466
474906,28938398
474907,28941236
474910,28956974
474911,28962478
474912,28969358
474913,28973142
474914,28981054
474915,28987590
474916,28992578
474917,28996792
474920,29005994
474921,29012616
474922,29023796
474923,29024828
474924,29029128
474925,29037470
474926,29042802
474927,29043404
474930,29044006
474931,29044866
474932,29056476
474933,29066538
474934,29071870
474935,29076342
474936,29095348
474940,29100938
474941,29105238
474943,29109624
474944,29111172
474945,29122438
474950,29128286
474951,29135940
474952,29136026
474960,29136112
474961,29136714
474970,29136800
475000,29136886
475001,29137144
475010,29145228
484802,29155204
484803,29155376
484804,29159762
484805,29160450
484806,29160622
484807,29169910
484812,29170770
484813,29173092
484814,29177736
484822,29180832
484823,29184874
484824,29184960
